1010 1010
0 0 0 899.8
0 1200 0 2199.8
0 2400 0 2599.8
0 2900 0 3999.8
0 4200 0 4399.8
0 4700 0 5399.8
0 5500 0 5799.8
0 6000 0 6099.8
0 6200 0 6699.8
0 6800 0 7299.8
0 7500 0 7699.8
0 7800 0 7899.8
0 8000 0 8599.8
0 8700 0 8999.8
0 9600 0 9699.8
0 9800 0 10000
0.2 1299.8 0.2 1400
0.2 1499.8 0.2 1700
0.2 1799.8 0.2 1900
0.2 4899.8 0.2 5000
0.2 9899.8 0.2 9999.8
99.8 1400 99.8 1499.8
99.8 1900 99.8 2000
99.8 4200 99.8 4300
99.8 4700 99.8 4899.8
99.8 5000 99.8 5100
99.8 6800 99.8 6900
100 899.8 100 1200
100 1600 100 1700
100 2199.8 100 2299.8
100 2800 100 2900
100 3999.8 100 4099.8
100 4399.8 100 4499.8
100 4600 100 4699.8
100 5399.8 100 5500
100 5799.8 100 5899.8
100 6099.8 100 6200
100 7400 100 7500
100 7899.8 100 8000
100 8599.8 100 8700
100 9300 100 9600
100 9699.8 100 9800
199.8 1600 199.8 1700
199.8 2499.8 199.8 2599.8
199.8 9300 199.8 9400
200 1299.8 200 1399.8
200 2299.8 200 2400
200 4099.8 200 4199.8
200 4499.8 200 4600
200 4699.8 200 4799.8
200 4900 200 5100
200 5899.8 200 6000
200 6699.8 200 6900
200 7299.8 200 7400
200 7699.8 200 7800
200 8999.8 200 9099.8
299.8 0 299.8 200
299.8 1700 299.8 1799.8
299.8 2399.8 299.8 2499.8
299.8 2800 299.8 3000
299.8 4499.8 299.8 4700
299.8 4900 299.8 5000
300 1399.8 300 1499.8
300 1600 300 1699.8
300 4199.8 300 4300
300 9099.8 300 9199.8
300 9300 300 9400
399.8 4700 399.8 4799.8
400 0 400 200
400 1499.8 400 1600
400 1699.8 400 1799.8
400 1900 400 2000
400 2399.8 400 2699.8
400 2800 400 2899.8
400 4499.8 400 4599.8
400 4900 400 5000
400 9199.8 400 9300
499.8 0 499.8 100
499.8 999.8 499.8 1100
499.8 1699.8 499.8 1799.8
499.8 2599.8 499.8 2699.8
500 2899.8 500 3000
500 4599.8 500 4699.8
500 4800 500 4900
599.8 1100 599.8 1300
599.8 7199.8 599.8 9899.8
600 0 600 100
600 1800 600 1900
600 2599.8 600 2800
600 4699.8 600 4800
600 7300 600 9899.8
699.8 0 699.8 100
699.8 199.8 699.8 300
699.8 499.8 699.8 600
699.8 699.8 699.8 999.8
699.8 1300 699.8 1400
699.8 1499.8 699.8 1600
699.8 1800 699.8 1900
700 1200 700 1299.8
799.8 100 799.8 199.8
799.8 399.8 799.8 499.8
799.8 600 799.8 699.8
799.8 1400 799.8 1499.8
799.8 1600 799.8 1699.8
799.8 7099.8 799.8 7199.8
800 0 800 300
800 700 800 1200
800 1800 800 1900
800.2 99.8 800.2 300
800.2 999.8 800.2 1200
899.8 0 899.8 99.8
899.8 300 899.8 399.8
899.8 6999.8 899.8 7099.8
900 100 900 700
900 1100 900 1200
900 1299.8 900 1399.8
900 1500 900 1699.8
900 7200 900 7300
900.2 199.8 900.2 600
999.8 100 999.8 199.8
999.8 600 999.8 700
999.8 899.8 999.8 999.8
999.8 1800 999.8 2100
999.8 2199.8 999.8 2300
1000 200 1000 700
1000 1399.8 1000 1500
1000 1699.8 1000 1799.8
1000.2 399.8 1000.2 500
1000.2 599.8 1000.2 700
1099.8 200 1099.8 399.8
1099.8 500 1099.8 599.8
1099.8 700 1099.8 800
1099.8 2100 1099.8 2199.8
1100 1799.8 1100 1899.8
1199.8 800 1199.8 899.8
1199.8 1199.8 1199.8 1899.8
1199.8 4999.8 1199.8 6999.8
1199.8 7200 1199.8 7300
1199.8 8299.8 1199.8 9899.8
1200 0 1200 99.8
1200 300 1200 399.8
1200 900 1200 1100
1200 1400 1200 1999.8
1200 5100 1200 7099.8
1200 8400 1200 9099.8
1200 9600 1200 9899.8
1299.8 6499.8 1299.8 7099.8
1299.8 8099.8 1299.8 8299.8
1299.8 8899.8 1299.8 9099.8
1300 99.8 1300 300
1300 500 1300 900
1300 1300 1300 1400
1300 1999.8 1300 2300
1300 6800 1300 7300
1300 9200 1300 9600
1399.8 299.8 1399.8 399.8
1399.8 6999.8 1399.8 7100
1399.8 8400 1399.8 8500
1400 6499.8 1400 6699.8
1400 9000 1400 9099.8
1499.8 0 1499.8 100
1499.8 199.8 1499.8 299.8
1499.8 6800 1499.8 6900
1500 400 1500 500
1500 1199.8 1500 1300
1500 4999.8 1500 5100
1500 8099.8 1500 8199.8
1500 8899.8 1500 9000
1500 9099.8 1500 9200
1600 0 1600 100
1600 300 1600 400
1600 6800 1600 6900
1600 8199.8 1600 8399.8
1699.8 6599.8 1699.8 6699.8
1699.8 6800 1699.8 6999.8
1700 199.8 1700 300
1799.8 99.8 1799.8 200
1800 6599.8 1800 6699.8
1800 6800 1800 6899.8
1800 7000 1800 7100
1800 8399.8 1800 8500
1899.8 0 1899.8 99.8
1899.8 200 1899.8 700
1899.8 6399.8 1899.8 6699.8
1900 6500 1900 6800
1999.8 3599.8 1999.8 6399.8
1999.8 6500 1999.8 6600
2000 0 2000 700
2000 3800 2000 6399.8
2000 6899.8 2000 7000
2000.2 99.8 2000.2 200
2000.2 499.8 2000.2 600
2099.8 200 2099.8 400
2099.8 1999.8 2099.8 3599.8
2100 2200 2100 3299.8
2100 3700 2100 3800
2100 6500 2100 6600
2199.8 400 2199.8 499.8
2199.8 3700 2199.8 3900
2199.8 6500 2199.8 6600
2200 1999.8 2200 2099.8
2200 3299.8 2200 3399.8
2299.8 799.8 2299.8 1000
2300 400 2300 600
2300 3500 2300 3900
2399.8 0 2399.8 99.8
2399.8 400 2399.8 500
2399.8 699.8 2399.8 799.8
2399.8 1199.8 2399.8 2099.8
2399.8 3099.8 2399.8 3399.8
2400 100 2400 500
2400 900 2400 1000
2400 1300 2400 2099.8
2400.2 199.8 2400.2 300
2400.2 399.8 2400.2 500
2499.8 500 2499.8 699.8
2499.8 900 2499.8 1000
2499.8 1099.8 2499.8 1199.8
2499.8 1300 2499.8 1500
2500 2099.8 2500 2200
2500 6399.8 2500 6600
2599.8 100 2599.8 199.8
2599.8 300 2599.8 399.8
2599.8 9099.8 2599.8 9899.8
2600 0 2600 99.8
2600 900 2600 1000
2600 1200 2600 1500
2600 3099.8 2600 3199.8
2600 3400 2600 3500
2600 9300 2600 9899.8
2600.2 1299.8 2600.2 1500
2699.8 1200 2699.8 1299.8
2699.8 1500 2699.8 1700
2699.8 9300 2699.8 9400
2700 99.8 2700 299.8
2700 600 2700 900
2700 1300 2700 1399.8
2700 3300 2700 3400
2799.8 0 2799.8 100
2799.8 4499.8 2799.8 9099.8
2800 299.8 2800 600
2800 1099.8 2800 1300
2800 1399.8 2800 1599.8
2800 3199.8 2800 3300
2800 4600 2800 9099.8
2899.8 1700 2899.8 1900
2900 9099.8 2900 9299.8
3000 1599.8 3000 1900
3000 4499.8 3000 4600
3000 9299.8 3000 9400
3099.8 8099.8 3099.8 9899.8
3100 0 3100 100
3100 8500 3100 9899.8
3199.8 0 3199.8 100
3199.8 1099.8 3199.8 8099.8
3199.8 8500 3199.8 8600
3200 1300 3200 8099.8
3299.8 999.8 3299.8 1099.8
3299.8 1399.8 3299.8 1500
3300 8099.8 3300 8199.8
3300 8300 3300 8499.8
3399.8 100 3399.8 300
3399.8 1300 3399.8 1399.8
3400 999.8 3400 1099.8
3400 8199.8 3400 8300
3499.8 300 3499.8 400
3499.8 899.8 3499.8 1099.8
3499.8 2999.8 3499.8 8499.8
3500 3100 3500 7999.8
3500 8100 3500 8600
3599.8 400 3599.8 500
3600 0 3600 299.8
3600 899.8 3600 1500
3699.8 2899.8 3699.8 2999.8
3699.8 3100 3699.8 3200
3699.8 3999.8 3699.8 7999.8
3700 299.8 3700 500
3700 4300 3700 7999.8
3799.8 3200 3799.8 3400
3800 3999.8 3800 4099.8
3800 4200 3800 4300
3899.8 0 3899.8 100
3899.8 3699.8 3899.8 4099.8
3900 3200 3900 3400
3900 4000 3900 4200
3900 7999.8 3900 8100
3999.8 4000 3999.8 4200
4000 2899.8 4000 3099.8
4000 3699.8 4000 3899.8
4099.8 299.8 4099.8 500
4100 3099.8 4100 3200
4100 4000 4100 4200
4199.8 100 4199.8 299.8
4199.8 3799.8 4199.8 3899.8
4200 400 4200 500
4299.8 4000 4299.8 4200
4300 0 4300 400
4300 3799.8 4300 3899.8
4399.8 3799.8 4399.8 3899.8
4400 4000 4400 4200
4400.2 4099.8 4400.2 4200
4499.8 3699.8 4499.8 3799.8
4499.8 4000 4499.8 4099.8
4499.8 4299.8 4499.8 9899.8
4500 4100 4500 4200
4500 4700 4500 9899.8
4600 3699.8 4600 4100
4600 4299.8 4600 4700
4699.8 0 4699.8 100
4899.8 100 4899.8 300
5000 200 5000 300
5100 100 5100 200
5200 0 5200 100
5299.8 0 5299.8 200
5500 100 5500 200
5600 0 5600 100
5699.8 0 5699.8 100
5799.8 100 5799.8 300
5900 100 5900 300
6000 0 6000 100
6099.8 1599.8 6099.8 1800
6099.8 1899.8 6099.8 9899.8
6100 2000 6100 9899.8
6199.8 0 6199.8 100
6199.8 1499.8 6199.8 1599.8
6199.8 1800 6199.8 1899.8
6199.8 2699.8 6199.8 9899.8
6200 2800 6200 9899.8
6299.8 2000 6299.8 2100
6299.8 2399.8 6299.8 2699.8
6300 0 6300 100
6300 1499.8 6300 1799.8
6399.8 0 6399.8 100
6399.8 2299.8 6399.8 2399.8
6399.8 6999.8 6399.8 9899.8
6400 1799.8 6400 1899.8
6400 2600 6400 2800
6400 7100 6400 9899.8
6499.8 6799.8 6499.8 6999.8
6500 1899.8 6500 1999.8
6500 2400 6500 2600
6599.8 6399.8 6599.8 6799.8
6599.8 7100 6599.8 7200
6600 0 6600 100
6600 1999.8 6600 2100
6600 2299.8 6600 2400
6600 6500 6600 6999.8
6699.8 6299.8 6699.8 6399.8
6700 6999.8 6700 7099.8
6799.8 6899.8 6799.8 7099.8
6799.8 7200 6799.8 7400
6800 6400 6800 6500
6899.8 0 6899.8 200
6899.8 699.8 6899.8 1000
6899.8 6699.8 6899.8 6899.8
6899.8 8799.8 6899.8 9899.8
6900 8900 6900 9899.8
6999.8 499.8 6999.8 699.8
6999.8 4899.8 6999.8 6299.8
6999.8 8699.8 6999.8 8799.8
6999.8 8900 6999.8 9200
7000 0 7000 99.8
7000 5100 7000 6299.8
7000 6699.8 7000 7400
7099.8 299.8 7099.8 499.8
7099.8 1000 7099.8 1100
7099.8 6199.8 7099.8 6299.8
7100 99.8 7100 200
7100 700 7100 799.8
7100 5000 7100 5100
7100 8699.8 7100 8899.8
7199.8 0 7199.8 299.8
7199.8 1100 7199.8 1200
7200 600 7200 700
7200 799.8 7200 999.8
7200 6199.8 7200 6400
7200 8899.8 7200 9200
7299.8 600 7299.8 900
7299.8 4799.8 7299.8 4899.8
7299.8 5000 7299.8 5100
7299.8 7099.8 7299.8 9899.8
7300 0 7300 399.8
7300 999.8 7300 1200
7300 7200 7300 9899.8
7300.2 199.8 7300.2 300
7399.8 0 7399.8 100
7399.8 900 7399.8 1000
7400 399.8 7400 499.8
7400 600 7400 799.8
7400 5000 7400 5100
7499.8 100 7499.8 199.8
7500 200 7500 300
7500 499.8 7500 600
7500 900 7500 1000
7500 4799.8 7500 5000
7599.8 399.8 7599.8 500
7599.8 900 7599.8 1200
7599.8 6999.8 7599.8 7099.8
7600 100 7600 200
7600 799.8 7600 899.8
7699.8 500 7699.8 899.8
7699.8 2199.8 7699.8 6999.8
7700 2400 7700 6399.8
7700 6500 7700 7200
7799.8 100 7799.8 200
7800 0 7800 200
7800 399.8 7800 799.8
7800 1100 7800 1200
7800.2 99.8 7800.2 200
7899.8 0 7899.8 99.8
7899.8 699.8 7899.8 799.8
7899.8 2400 7899.8 2600
7999.8 599.8 7999.8 699.8
7999.8 1999.8 7999.8 2199.8
7999.8 7399.8 7999.8 9899.8
8000 0 8000 200
8000 1000 8000 1100
8000 2300 8000 2600
8000 6399.8 8000 6500
8000 7700 8000 9899.8
8099.8 7299.8 8099.8 7399.8
8100 599.8 8100 699.8
8100 1999.8 8100 2099.8
8100 7600 8100 7700
8199.8 7600 8199.8 7700
8199.8 9799.8 8199.8 9899.8
8200 699.8 8200 1000
8200 2099.8 8200 2300
8300 7299.8 8300 7700
8400 9799.8 8400 9899.8
8499.8 0 8499.8 100
8600 0 8600 100
8699.8 0 8699.8 200
8699.8 7799.8 8699.8 9899.8
8700 8000 8700 9899.8
8799.8 5999.8 8799.8 6100
8799.8 6299.8 8799.8 7799.8
8800 6400 8800 8000
8899.8 6100 8899.8 6299.8
8900 0 8900 200
8999.8 2499.8 8999.8 5999.8
8999.8 9199.8 8999.8 9400
9000 2700 9000 6099.8
9000 6200 9000 6299.8
9099.8 9400 9099.8 9700
9100 9199.8 9100 9299.8
9199.8 99.8 9199.8 200
9199.8 3199.8 9199.8 6099.8
9200 3300 9200 5999.8
9200 6299.8 9200 6400
9200 9299.8 9200 9499.8
9200 9600 9200 9700
9299.8 699.8 9299.8 2499.8
9299.8 3300 9299.8 3500
9299.8 9199.8 9299.8 9499.8
9299.8 9600 9299.8 9899.8
9300 900 9300 2499.8
9300 9300 9300 9499.8
9399.8 0 9399.8 99.8
9399.8 200 9399.8 300
9399.8 900 9399.8 1300
9399.8 9099.8 9399.8 9199.8
9399.8 9399.8 9399.8 9499.8
9400 699.8 9400 799.8
9400 2499.8 9400 2599.8
9400 5999.8 9400 6200
9400 9600 9400 9699.8
9400 9800 9400 9999.8
9400.2 9899.8 9400.2 9999.8
9499.8 2999.8 9499.8 3199.8
9499.8 9800 9499.8 9899.8
9500 0 9500 300
9500 1000 9500 1199.8
9500 2599.8 9500 2700
9500 9500 9500 9600
9599.8 0 9599.8 300
9599.8 1899.8 9599.8 2100
9599.8 7099.8 9599.8 9099.8
9600 900 9600 1000
9600 1199.8 9600 1300
9600 2999.8 9600 3199.8
9600 3400 9600 3500
9600 7500 9600 9199.8
9600 9399.8 9600 9500
9600 9800 9600 9899.8
9699.8 2100 9699.8 2200
9699.8 6999.8 9699.8 7099.8
9700 100 9700 300
9700 799.8 9700 900
9700 1899.8 9700 1999.8
9700 3199.8 9700 3400
9700 9699.8 9700 9800
9799.8 1899.8 9799.8 1999.8
9799.8 9300 9799.8 9400
9800 6999.8 9800 7299.8
9800 7400 9800 7500
9899.8 6499.8 9899.8 6600
9900 0 9900 100
9900 2000 9900 2200
9900 7299.8 9900 7400
9900 9199.8 9900 9400
9999.8 0 9999.8 1899.8
9999.8 2000 9999.8 6499.8
9999.8 6600 9999.8 9899.8
10000 9999.8 10000 10000
0 0 299.8 0
400 0 499.8 0
600 0 699.8 0
800 0 899.8 0
1200 0 1499.8 0
1600 0 1899.8 0
2000 0 2399.8 0
2600 0 2799.8 0
3100 0 3199.8 0
3600 0 3899.8 0
4300 0 4699.8 0
5200 0 5299.8 0
5600 0 5699.8 0
6000 0 6199.8 0
6300 0 6399.8 0
6600 0 6899.8 0
7000 0 7199.8 0
7300 0 7399.8 0
7800 0 7899.8 0
8000 0 8499.8 0
8600 0 8699.8 0
8900 0 9399.8 0
9500 0 9599.8 0
9900 0 9999.8 0
800.2 99.8 899.8 99.8
1200 99.8 1300 99.8
1799.8 99.8 1899.8 99.8
2000.2 99.8 2399.8 99.8
2600 99.8 2700 99.8
7000 99.8 7100 99.8
7800.2 99.8 7899.8 99.8
9199.8 99.8 9399.8 99.8
499.8 100 600 100
699.8 100 799.8 100
900 100 999.8 100
1499.8 100 1600 100
2400 100 2599.8 100
2799.8 100 3100 100
3199.8 100 3399.8 100
3899.8 100 4199.8 100
4699.8 100 4899.8 100
5100 100 5200 100
5500 100 5600 100
5699.8 100 5799.8 100
5900 100 6000 100
6199.8 100 6300 100
6399.8 100 6600 100
7399.8 100 7499.8 100
7600 100 7799.8 100
8499.8 100 8600 100
9700 100 9900 100
699.8 199.8 799.8 199.8
900.2 199.8 999.8 199.8
1499.8 199.8 1700 199.8
2400.2 199.8 2599.8 199.8
7300.2 199.8 7499.8 199.8
299.8 200 400 200
1000 200 1099.8 200
1799.8 200 1899.8 200
2000.2 200 2099.8 200
5000 200 5100 200
5299.8 200 5500 200
6899.8 200 7100 200
7500 200 7600 200
7799.8 200 7800 200
7800.2 200 8000 200
8699.8 200 8900 200
9199.8 200 9399.8 200
1399.8 299.8 1499.8 299.8
2700 299.8 2800 299.8
3600 299.8 3700 299.8
4099.8 299.8 4199.8 299.8
7099.8 299.8 7199.8 299.8
699.8 300 800 300
800.2 300 899.8 300
1200 300 1300 300
1600 300 1700 300
2400.2 300 2599.8 300
3399.8 300 3499.8 300
4899.8 300 5000 300
5799.8 300 5900 300
7300.2 300 7500 300
9399.8 300 9500 300
9599.8 300 9700 300
799.8 399.8 899.8 399.8
1000.2 399.8 1099.8 399.8
1200 399.8 1399.8 399.8
2400.2 399.8 2599.8 399.8
7300 399.8 7400 399.8
7599.8 399.8 7800 399.8
1500 400 1600 400
2099.8 400 2199.8 400
2300 400 2399.8 400
3499.8 400 3599.8 400
4200 400 4300 400
699.8 499.8 799.8 499.8
2000.2 499.8 2199.8 499.8
6999.8 499.8 7099.8 499.8
7400 499.8 7500 499.8
1000.2 500 1099.8 500
1300 500 1500 500
2399.8 500 2400 500
2400.2 500 2499.8 500
3599.8 500 3700 500
4099.8 500 4200 500
7599.8 500 7699.8 500
1000.2 599.8 1099.8 599.8
7999.8 599.8 8100 599.8
699.8 600 799.8 600
900.2 600 999.8 600
2000.2 600 2300 600
2700 600 2800 600
7200 600 7299.8 600
7400 600 7500 600
699.8 699.8 799.8 699.8
2399.8 699.8 2499.8 699.8
6899.8 699.8 6999.8 699.8
7899.8 699.8 7999.8 699.8
8100 699.8 8200 699.8
9299.8 699.8 9400 699.8
800 700 900 700
999.8 700 1000 700
1000.2 700 1099.8 700
1899.8 700 2000 700
7100 700 7200 700
2299.8 799.8 2399.8 799.8
7100 799.8 7200 799.8
7400 799.8 7600 799.8
7800 799.8 7899.8 799.8
9400 799.8 9700 799.8
1099.8 800 1199.8 800
0 899.8 100 899.8
999.8 899.8 1199.8 899.8
3499.8 899.8 3600 899.8
7600 899.8 7699.8 899.8
1200 900 1300 900
2400 900 2499.8 900
2600 900 2700 900
7299.8 900 7399.8 900
7500 900 7599.8 900
9300 900 9399.8 900
9600 900 9700 900
499.8 999.8 699.8 999.8
800.2 999.8 999.8 999.8
3299.8 999.8 3400 999.8
7200 999.8 7300 999.8
2299.8 1000 2400 1000
2499.8 1000 2600 1000
6899.8 1000 7099.8 1000
7399.8 1000 7500 1000
8000 1000 8200 1000
9500 1000 9600 1000
2499.8 1099.8 2800 1099.8
3199.8 1099.8 3299.8 1099.8
3400 1099.8 3499.8 1099.8
499.8 1100 599.8 1100
900 1100 1200 1100
7099.8 1100 7199.8 1100
7800 1100 8000 1100
1199.8 1199.8 1500 1199.8
2399.8 1199.8 2499.8 1199.8
9500 1199.8 9600 1199.8
0 1200 100 1200
700 1200 800 1200
800.2 1200 900 1200
2600 1200 2699.8 1200
7199.8 1200 7300 1200
7599.8 1200 7800 1200
0.2 1299.8 200 1299.8
700 1299.8 900 1299.8
2600.2 1299.8 2699.8 1299.8
599.8 1300 699.8 1300
1300 1300 1500 1300
2400 1300 2499.8 1300
2700 1300 2800 1300
3200 1300 3399.8 1300
9399.8 1300 9600 1300
200 1399.8 300 1399.8
900 1399.8 1000 1399.8
2700 1399.8 2800 1399.8
3299.8 1399.8 3399.8 1399.8
0.2 1400 99.8 1400
699.8 1400 799.8 1400
1200 1400 1300 1400
0.2 1499.8 99.8 1499.8
300 1499.8 400 1499.8
699.8 1499.8 799.8 1499.8
6199.8 1499.8 6300 1499.8
900 1500 1000 1500
2499.8 1500 2600 1500
2600.2 1500 2699.8 1500
3299.8 1500 3600 1500
2800 1599.8 3000 1599.8
6099.8 1599.8 6199.8 1599.8
100 1600 199.8 1600
300 1600 400 1600
699.8 1600 799.8 1600
300 1699.8 400 1699.8
499.8 1699.8 799.8 1699.8
900 1699.8 1000 1699.8
0.2 1700 100 1700
199.8 1700 299.8 1700
2699.8 1700 2899.8 1700
0.2 1799.8 299.8 1799.8
400 1799.8 499.8 1799.8
1000 1799.8 1100 1799.8
6300 1799.8 6400 1799.8
600 1800 699.8 1800
800 1800 999.8 1800
6099.8 1800 6199.8 1800
1100 1899.8 1199.8 1899.8
6099.8 1899.8 6199.8 1899.8
6400 1899.8 6500 1899.8
9599.8 1899.8 9700 1899.8
9799.8 1899.8 9999.8 1899.8
0.2 1900 99.8 1900
400 1900 600 1900
699.8 1900 800 1900
2899.8 1900 3000 1900
1200 1999.8 1300 1999.8
2099.8 1999.8 2200 1999.8
6500 1999.8 6600 1999.8
7999.8 1999.8 8100 1999.8
9700 1999.8 9799.8 1999.8
99.8 2000 400 2000
6100 2000 6299.8 2000
9900 2000 9999.8 2000
2200 2099.8 2399.8 2099.8
2400 2099.8 2500 2099.8
8100 2099.8 8200 2099.8
999.8 2100 1099.8 2100
6299.8 2100 6600 2100
9599.8 2100 9699.8 2100
0 2199.8 100 2199.8
999.8 2199.8 1099.8 2199.8
7699.8 2199.8 7999.8 2199.8
2100 2200 2500 2200
9699.8 2200 9900 2200
100 2299.8 200 2299.8
6399.8 2299.8 6600 2299.8
999.8 2300 1300 2300
8000 2300 8200 2300
299.8 2399.8 400 2399.8
6299.8 2399.8 6399.8 2399.8
0 2400 200 2400
6500 2400 6600 2400
7700 2400 7899.8 2400
199.8 2499.8 299.8 2499.8
8999.8 2499.8 9299.8 2499.8
9300 2499.8 9400 2499.8
0 2599.8 199.8 2599.8
499.8 2599.8 600 2599.8
9400 2599.8 9500 2599.8
6400 2600 6500 2600
7899.8 2600 8000 2600
400 2699.8 499.8 2699.8
6199.8 2699.8 6299.8 2699.8
9000 2700 9500 2700
100 2800 299.8 2800
400 2800 600 2800
6200 2800 6400 2800
400 2899.8 500 2899.8
3699.8 2899.8 4000 2899.8
0 2900 100 2900
3499.8 2999.8 3699.8 2999.8
9499.8 2999.8 9600 2999.8
299.8 3000 500 3000
2399.8 3099.8 2600 3099.8
4000 3099.8 4100 3099.8
3500 3100 3699.8 3100
2600 3199.8 2800 3199.8
9199.8 3199.8 9499.8 3199.8
9600 3199.8 9700 3199.8
3699.8 3200 3799.8 3200
3900 3200 4100 3200
2100 3299.8 2200 3299.8
2700 3300 2800 3300
9200 3300 9299.8 3300
2200 3399.8 2399.8 3399.8
2600 3400 2700 3400
3799.8 3400 3900 3400
9600 3400 9700 3400
2300 3500 2600 3500
9299.8 3500 9600 3500
1999.8 3599.8 2099.8 3599.8
3899.8 3699.8 4000 3699.8
4499.8 3699.8 4600 3699.8
2100 3700 2199.8 3700
4199.8 3799.8 4300 3799.8
4399.8 3799.8 4499.8 3799.8
2000 3800 2100 3800
4000 3899.8 4199.8 3899.8
4300 3899.8 4399.8 3899.8
2199.8 3900 2300 3900
0 3999.8 100 3999.8
3699.8 3999.8 3800 3999.8
3900 4000 3999.8 4000
4100 4000 4299.8 4000
4400 4000 4499.8 4000
100 4099.8 200 4099.8
3800 4099.8 3899.8 4099.8
4400.2 4099.8 4499.8 4099.8
4500 4100 4600 4100
200 4199.8 300 4199.8
0 4200 99.8 4200
3800 4200 3900 4200
3999.8 4200 4100 4200
4299.8 4200 4400 4200
4400.2 4200 4500 4200
4499.8 4299.8 4600 4299.8
99.8 4300 300 4300
3700 4300 3800 4300
0 4399.8 100 4399.8
100 4499.8 200 4499.8
299.8 4499.8 400 4499.8
2799.8 4499.8 3000 4499.8
400 4599.8 500 4599.8
100 4600 200 4600
2800 4600 3000 4600
100 4699.8 200 4699.8
500 4699.8 600 4699.8
0 4700 99.8 4700
299.8 4700 399.8 4700
4500 4700 4600 4700
200 4799.8 399.8 4799.8
7299.8 4799.8 7500 4799.8
500 4800 600 4800
0.2 4899.8 99.8 4899.8
6999.8 4899.8 7299.8 4899.8
200 4900 299.8 4900
400 4900 500 4900
1199.8 4999.8 1500 4999.8
0.2 5000 99.8 5000
299.8 5000 400 5000
7100 5000 7299.8 5000
7400 5000 7500 5000
99.8 5100 200 5100
1200 5100 1500 5100
7000 5100 7100 5100
7299.8 5100 7400 5100
0 5399.8 100 5399.8
0 5500 100 5500
0 5799.8 100 5799.8
100 5899.8 200 5899.8
8799.8 5999.8 8999.8 5999.8
9200 5999.8 9400 5999.8
0 6000 200 6000
0 6099.8 100 6099.8
9000 6099.8 9199.8 6099.8
8799.8 6100 8899.8 6100
7099.8 6199.8 7200 6199.8
0 6200 100 6200
9000 6200 9400 6200
6699.8 6299.8 6999.8 6299.8
7000 6299.8 7099.8 6299.8
8799.8 6299.8 8899.8 6299.8
9000 6299.8 9200 6299.8
1899.8 6399.8 1999.8 6399.8
2000 6399.8 2500 6399.8
6599.8 6399.8 6699.8 6399.8
7700 6399.8 8000 6399.8
6800 6400 7200 6400
8800 6400 9200 6400
1299.8 6499.8 1400 6499.8
9899.8 6499.8 9999.8 6499.8
1900 6500 1999.8 6500
2100 6500 2199.8 6500
6600 6500 6800 6500
7700 6500 8000 6500
1699.8 6599.8 1800 6599.8
1999.8 6600 2100 6600
2199.8 6600 2500 6600
9899.8 6600 9999.8 6600
0 6699.8 200 6699.8
1400 6699.8 1699.8 6699.8
1800 6699.8 1899.8 6699.8
6899.8 6699.8 7000 6699.8
6499.8 6799.8 6599.8 6799.8
0 6800 99.8 6800
1300 6800 1499.8 6800
1600 6800 1699.8 6800
1800 6800 1900 6800
1800 6899.8 2000 6899.8
6799.8 6899.8 6899.8 6899.8
99.8 6900 200 6900
1499.8 6900 1600 6900
899.8 6999.8 1199.8 6999.8
1399.8 6999.8 1699.8 6999.8
6399.8 6999.8 6499.8 6999.8
6600 6999.8 6700 6999.8
7599.8 6999.8 7699.8 6999.8
9699.8 6999.8 9800 6999.8
1800 7000 2000 7000
799.8 7099.8 899.8 7099.8
1200 7099.8 1299.8 7099.8
6700 7099.8 6799.8 7099.8
7299.8 7099.8 7599.8 7099.8
9599.8 7099.8 9699.8 7099.8
1399.8 7100 1800 7100
6400 7100 6599.8 7100
599.8 7199.8 799.8 7199.8
900 7200 1199.8 7200
6599.8 7200 6799.8 7200
7300 7200 7700 7200
0 7299.8 200 7299.8
8099.8 7299.8 8300 7299.8
9800 7299.8 9900 7299.8
600 7300 900 7300
1199.8 7300 1300 7300
7999.8 7399.8 8099.8 7399.8
100 7400 200 7400
6799.8 7400 7000 7400
9800 7400 9900 7400
0 7500 100 7500
9600 7500 9800 7500
8100 7600 8199.8 7600
0 7699.8 200 7699.8
8000 7700 8100 7700
8199.8 7700 8300 7700
8699.8 7799.8 8799.8 7799.8
0 7800 200 7800
0 7899.8 100 7899.8
3500 7999.8 3699.8 7999.8
3700 7999.8 3900 7999.8
0 8000 100 8000
8700 8000 8800 8000
1299.8 8099.8 1500 8099.8
3099.8 8099.8 3199.8 8099.8
3200 8099.8 3300 8099.8
3500 8100 3900 8100
1500 8199.8 1600 8199.8
3300 8199.8 3400 8199.8
1199.8 8299.8 1299.8 8299.8
3300 8300 3400 8300
1600 8399.8 1800 8399.8
1200 8400 1399.8 8400
3300 8499.8 3499.8 8499.8
1399.8 8500 1800 8500
3100 8500 3199.8 8500
0 8599.8 100 8599.8
3199.8 8600 3500 8600
6999.8 8699.8 7100 8699.8
0 8700 100 8700
6899.8 8799.8 6999.8 8799.8
1299.8 8899.8 1500 8899.8
7100 8899.8 7200 8899.8
6900 8900 6999.8 8900
0 8999.8 200 8999.8
1400 9000 1500 9000
200 9099.8 300 9099.8
1200 9099.8 1299.8 9099.8
1400 9099.8 1500 9099.8
2599.8 9099.8 2799.8 9099.8
2800 9099.8 2900 9099.8
9399.8 9099.8 9599.8 9099.8
300 9199.8 400 9199.8
8999.8 9199.8 9100 9199.8
9299.8 9199.8 9399.8 9199.8
9600 9199.8 9900 9199.8
1300 9200 1500 9200
6999.8 9200 7200 9200
2900 9299.8 3000 9299.8
9100 9299.8 9200 9299.8
100 9300 199.8 9300
300 9300 400 9300
2600 9300 2699.8 9300
9300 9300 9799.8 9300
9399.8 9399.8 9600 9399.8
199.8 9400 300 9400
2699.8 9400 3000 9400
8999.8 9400 9099.8 9400
9799.8 9400 9900 9400
9200 9499.8 9299.8 9499.8
9300 9499.8 9399.8 9499.8
9500 9500 9600 9500
0 9600 100 9600
1200 9600 1300 9600
9200 9600 9299.8 9600
9400 9600 9500 9600
0 9699.8 100 9699.8
9400 9699.8 9700 9699.8
9099.8 9700 9200 9700
8199.8 9799.8 8400 9799.8
0 9800 100 9800
9400 9800 9499.8 9800
9600 9800 9700 9800
0.2 9899.8 599.8 9899.8
600 9899.8 1199.8 9899.8
1200 9899.8 2599.8 9899.8
2600 9899.8 3099.8 9899.8
3100 9899.8 4499.8 9899.8
4500 9899.8 6099.8 9899.8
6100 9899.8 6199.8 9899.8
6200 9899.8 6399.8 9899.8
6400 9899.8 6899.8 9899.8
6900 9899.8 7299.8 9899.8
7300 9899.8 7999.8 9899.8
8000 9899.8 8199.8 9899.8
8400 9899.8 8699.8 9899.8
8700 9899.8 9299.8 9899.8
9400.2 9899.8 9499.8 9899.8
9600 9899.8 9999.8 9899.8
0.2 9999.8 9400 9999.8
9400.2 9999.8 10000 9999.8
0 10000 10000 10000
